<TICKER>;<PER>;<DATE>;<TIME>;<OPEN>;<HIGH>;<LOW>;<CLOSE>;<VOL>
USDCNY;D;20220606;000000;6.6596000;6.6596000;6.6354000;6.6534000;3314
USDCNY;D;20220607;000000;6.6534000;6.6780000;6.6534000;6.6675000;3362
USDCNY;D;20220608;000000;6.6675000;6.6950000;6.6622000;6.6825000;3214
USDCNY;D;20220609;000000;6.6825000;6.7002000;6.6610000;6.6922000;3426
USDCNY;D;20220610;000000;6.6899000;6.7157000;6.6780000;6.7081000;3502
USDCNY;D;20220612;000000;6.7081000;6.7088000;6.7081000;6.7081000;14
USDCNY;D;20220613;000000;6.7366000;6.7585000;6.7259000;6.7530000;3959
USDCNY;D;20220614;000000;6.7581000;6.7604000;6.7127000;6.7395000;3656
USDCNY;D;20220615;000000;6.7293000;6.7293000;6.7009000;6.7140000;4785
USDCNY;D;20220616;000000;6.6893000;6.7180000;6.6893000;6.7030000;4881
USDCNY;D;20220617;000000;6.7030000;6.7165000;6.6905000;6.7160000;4149
USDCNY;D;20220619;000000;6.7160000;6.7166000;6.7160000;6.7160000;23
USDCNY;D;20220620;000000;6.7160000;6.7160000;6.6694000;6.6900000;3486
USDCNY;D;20220621;000000;6.6900000;6.7001000;6.6731000;6.6880000;3287
USDCNY;D;20220622;000000;6.6880000;6.7260000;6.6880000;6.7022000;3628
USDCNY;D;20220623;000000;6.7021000;6.7145000;6.6947000;6.6984000;3502
USDCNY;D;20220624;000000;6.6935000;6.6990000;6.6816000;6.6878000;3237
USDCNY;D;20220626;000000;6.6878000;6.6897000;6.6878000;6.6897000;17
USDCNY;D;20220627;000000;6.6878000;6.6937000;6.6793000;6.6917000;2808
USDCNY;D;20220628;000000;6.6899000;6.7102000;6.6732000;6.7070000;2130
USDCNY;D;20220629;000000;6.7050000;6.7088000;6.6856000;6.6999000;2695
USDCNY;D;20220630;000000;6.7040000;6.7042000;6.6887000;6.6981000;3100
USDCNY;D;20220701;000000;6.6981000;6.7155000;6.6920000;6.7000000;3207
USDCNY;D;20220703;000000;6.7000000;6.7014000;6.7000000;6.7014000;23
USDCNY;D;20220704;000000;6.7000000;6.7016000;6.6835000;6.7000000;3293
USDCNY;D;20220705;000000;6.6955000;6.7225000;6.6842000;6.7192000;3004
USDCNY;D;20220706;000000;6.7192000;6.7192000;6.6981000;6.7070000;3504
USDCNY;D;20220707;000000;6.7100000;6.7130000;6.6945000;6.7005000;3270
USDCNY;D;20220708;000000;6.7005000;6.7073000;6.6895000;6.6945000;2952
USDCNY;D;20220710;000000;6.6945000;6.6952000;6.6945000;6.6952000;12
USDCNY;D;20220711;000000;6.6962000;6.7190000;6.6956000;6.7182000;2103
USDCNY;D;20220712;000000;6.7350000;6.7370000;6.7165000;6.7247000;3241
USDCNY;D;20220713;000000;6.7234000;6.7377000;6.7155000;6.7175000;3215
USDCNY;D;20220714;000000;6.7175000;6.7685000;6.7175000;6.7542000;3016
USDCNY;D;20220715;000000;6.7504000;6.7688000;6.7399000;6.7565000;3292
USDCNY;D;20220717;000000;6.7565000;6.7574000;6.7565000;6.7565000;26
USDCNY;D;20220718;000000;6.7565000;6.7565000;6.7315000;6.7420000;2017
USDCNY;D;20220719;000000;6.7470000;6.7534000;6.7381000;6.7430000;2413
USDCNY;D;20220720;000000;6.7370000;6.7551000;6.7370000;6.7540000;1843
USDCNY;D;20220721;000000;6.7629000;6.7705000;6.7540000;6.7655000;2080
USDCNY;D;20220722;000000;6.7632000;6.7710000;6.7450000;6.7500000;1969
USDCNY;D;20220724;000000;6.7500000;6.7514000;6.7500000;6.7514000;21
USDCNY;D;20220725;000000;6.7526000;6.7577000;6.7431000;6.7499000;1872
USDCNY;D;20220726;000000;6.7499000;6.7650000;6.7446000;6.7616000;1698
USDCNY;D;20220727;000000;6.7616000;6.7687000;6.7502000;6.7570000;2001
USDCNY;D;20220728;000000;6.7570000;6.7570000;6.7351000;6.7465000;3155
USDCNY;D;20220729;000000;6.7465000;6.7514000;6.7274000;6.7433000;2477
USDCNY;D;20220731;000000;6.7433000;6.7441000;6.7433000;6.7433000;19
USDCNY;D;20220801;000000;6.7433000;6.7739000;6.7433000;6.7674000;2344
USDCNY;D;20220802;000000;6.7674000;6.7824000;6.7463000;6.7500000;2448
USDCNY;D;20220803;000000;6.7591000;6.7591000;6.7451000;6.7565000;1703
USDCNY;D;20220804;000000;6.7501000;6.7585000;6.7460000;6.7492000;2123
USDCNY;D;20220805;000000;6.7485000;6.7611000;6.7403000;6.7607000;1877
USDCNY;D;20220807;000000;6.7607000;6.7618000;6.7607000;6.7607000;14
USDCNY;D;20220808;000000;6.7607000;6.7647000;6.7505000;6.7505000;1945
USDCNY;D;20220809;000000;6.7505000;6.7581000;6.7505000;6.7525000;2115
USDCNY;D;20220810;000000;6.7520000;6.7599000;6.7220000;6.7230000;1963
USDCNY;D;20220811;000000;6.7308000;6.7447000;6.7308000;6.7445000;2492
USDCNY;D;20220812;000000;6.7445000;6.7464000;6.7245000;6.7425000;2969
USDCNY;D;20220814;000000;6.7425000;6.7427000;6.7425000;6.7427000;20
USDCNY;D;20220815;000000;6.7487000;6.7749000;6.7487000;6.7715000;2338
USDCNY;D;20220816;000000;6.7885000;6.7971000;6.7820000;6.7882000;2282
USDCNY;D;20220817;000000;6.7875000;6.7875000;6.7683000;6.7805000;2418
USDCNY;D;20220818;000000;6.7745000;6.7960000;6.7745000;6.7860000;2289
USDCNY;D;20220819;000000;6.7855000;6.8182000;6.7855000;6.8164000;2315
USDCNY;D;20220821;000000;6.8164000;6.8166000;6.8164000;6.8164000;17
USDCNY;D;20220822;000000;6.8250000;6.8500000;6.8207000;6.8485000;2021
USDCNY;D;20220823;000000;6.8476000;6.8659000;6.8291000;6.8336000;2084
USDCNY;D;20220824;000000;6.8429000;6.8689000;6.8420000;6.8581000;2248
USDCNY;D;20220825;000000;6.8478000;6.8568000;6.8420000;6.8477000;2786
USDCNY;D;20220826;000000;6.8460000;6.8721000;6.8460000;6.8715000;1867
USDCNY;D;20220828;000000;6.8715000;6.8717000;6.8715000;6.8715000;12
USDCNY;D;20220829;000000;6.8960000;6.9220000;6.8960000;6.9067000;2065
USDCNY;D;20220830;000000;6.9060000;6.9211000;6.8969000;6.9081000;2222
USDCNY;D;20220831;000000;6.9090000;6.9150000;6.8865000;6.8890000;2067
USDCNY;D;20220901;000000;6.9050000;6.9079000;6.8921000;6.9069000;2018
USDCNY;D;20220902;000000;6.9050000;6.9090000;6.8985000;6.8985000;1764
USDCNY;D;20220904;000000;6.8985000;6.8999000;6.8985000;6.8999000;3
USDCNY;D;20220905;000000;6.8985000;6.9430000;6.8985000;6.9340000;2616
USDCNY;D;20220906;000000;6.9339000;6.9645000;6.9296000;6.9544000;2868
USDCNY;D;20220907;000000;6.9532000;6.9799000;6.9532000;6.9661000;2864
USDCNY;D;20220908;000000;6.9550000;6.9690000;6.9476000;6.9562000;2996
USDCNY;D;20220909;000000;6.9461000;6.9510000;6.9165000;6.9240000;2540
USDCNY;D;20220911;000000;6.9240000;6.9264000;6.9240000;6.9240000;7
USDCNY;D;20220912;000000;6.9240000;6.9240000;6.9240000;6.9240000;1071
USDCNY;D;20220913;000000;6.9150000;6.9322000;6.9150000;6.9245000;2079
USDCNY;D;20220914;000000;6.9684000;6.9727000;6.9565000;6.9620000;2262
USDCNY;D;20220915;000000;6.9616000;6.9946000;6.9604000;6.9944000;2648
USDCNY;D;20220916;000000;6.9934000;7.0250000;6.9799000;6.9799000;2692
USDCNY;D;20220918;000000;6.9799000;6.9799000;6.9799000;6.9799000;24
USDCNY;D;20220919;000000;6.9799000;7.0200000;6.9799000;7.0050000;2858
USDCNY;D;20220920;000000;7.0050000;7.0208000;7.0041000;7.0176000;2316
USDCNY;D;20220921;000000;7.0252000;7.0541000;7.0176000;7.0489000;2699
USDCNY;D;20220922;000000;7.0479000;7.0953000;7.0479000;7.0780000;3308
USDCNY;D;20220923;000000;7.0772000;7.1296000;7.0770000;7.1266000;2078
USDCNY;D;20220925;000000;7.1266000;7.1283000;7.1266000;7.1266000;13
USDCNY;D;20220926;000000;7.1399000;7.1680000;7.1311000;7.1313000;2565
USDCNY;D;20220927;000000;7.1573000;7.1771000;7.1459000;7.1760000;3082
USDCNY;D;20220928;000000;7.1760000;7.2502000;7.1760000;7.1990000;2515
USDCNY;D;20220929;000000;7.1990000;7.2108000;7.1196000;7.1224000;3150
USDCNY;D;20220930;000000;7.1030000;7.1340000;7.0810000;7.1135000;4193
USDCNY;D;20221002;000000;7.1135000;7.1159000;7.1135000;7.1148000;11
USDCNY;D;20221003;000000;7.1135000;7.1148000;7.1135000;7.1135000;1064
USDCNY;D;20221004;000000;7.1135000;7.1150000;7.1135000;7.1148000;1098
USDCNY;D;20221005;000000;7.1135000;7.1148000;7.1135000;7.1148000;1080
USDCNY;D;20221006;000000;7.1135000;7.1148000;7.1107000;7.1148000;1076
USDCNY;D;20221007;000000;7.1135000;7.1135000;7.1135000;7.1135000;1077
USDCNY;D;20221009;000000;7.1135000;7.1159000;7.1135000;7.1148000;8
USDCNY;D;20221010;000000;7.1096000;7.1554000;7.1075000;7.1554000;2187
USDCNY;D;20221011;000000;7.1533000;7.1939000;7.1395000;7.1663000;2647
USDCNY;D;20221012;000000;7.1680000;7.1906000;7.1552000;7.1720000;1734
USDCNY;D;20221013;000000;7.1638000;7.2220000;7.1638000;7.1700000;3102
USDCNY;D;20221014;000000;7.1746000;7.1995000;7.1591000;7.1900000;3060
USDCNY;D;20221016;000000;7.1895000;7.1895000;7.1895000;7.1895000;4
USDCNY;D;20221017;000000;7.1802000;7.2052000;7.1785000;7.1946000;2107
USDCNY;D;20221018;000000;7.1946000;7.2002000;7.1874000;7.2001000;2214
USDCNY;D;20221019;000000;7.2010000;7.2298000;7.1975000;7.2280000;2344
USDCNY;D;20221020;000000;7.2429000;7.2433000;7.2109000;7.2129000;2028
USDCNY;D;20221021;000000;7.2129000;7.2482000;7.2129000;7.2399000;2456
USDCNY;D;20221024;000000;7.2399000;7.2629000;7.2399000;7.2629000;1076
USDCNY;D;20221025;000000;7.2930000;7.3090000;7.2688000;7.2688000;1688
USDCNY;D;20221026;000000;7.2688000;7.2995000;7.1644000;7.1710000;1419
USDCNY;D;20221027;000000;7.1710000;7.2366000;7.1604000;7.2239000;2432
USDCNY;D;20221028;000000;7.2239000;7.2499000;7.2168000;7.2499000;1795
USDCNY;D;20221030;000000;7.2499000;7.2499000;7.2499000;7.2499000;1
USDCNY;D;20221031;000000;7.2499000;7.3031000;7.2499000;7.3015000;1645
USDCNY;D;20221101;000000;7.3015000;7.3270000;7.2530000;7.2730000;1550
USDCNY;D;20221102;000000;7.2755000;7.2890000;7.2643000;7.2890000;1839
USDCNY;D;20221103;000000;7.3031000;7.3208000;7.2935000;7.3000000;1864
USDCNY;D;20221104;000000;7.3000000;7.3100000;7.1760000;7.1826000;1738
