<TICKER>;<PER>;<DATE>;<TIME>;<OPEN>;<HIGH>;<LOW>;<CLOSE>;<VOL>
USDJPY;D;20220606;000000;130.7190000;132.3020000;130.4000000;132.1790000;1732808
USDJPY;D;20220607;000000;132.1720000;133.0010000;132.0600000;132.8220000;2306229
USDJPY;D;20220608;000000;132.8170000;134.5320000;132.7000000;134.4560000;2588161
USDJPY;D;20220609;000000;134.4560000;134.5600000;133.1600000;134.3870000;2746446
USDJPY;D;20220610;000000;134.3870000;134.4840000;133.3400000;134.4200000;2539546
USDJPY;D;20220612;000000;134.3060000;134.8520000;134.2680000;134.7890000;190064
USDJPY;D;20220613;000000;134.7790000;135.1980000;133.5600000;134.2300000;3076605
USDJPY;D;20220614;000000;134.2250000;135.6000000;133.8500000;135.2740000;3387191
USDJPY;D;20220615;000000;135.2740000;135.3050000;133.4800000;134.0450000;3734218
USDJPY;D;20220616;000000;134.0450000;134.6780000;131.4600000;132.4170000;3895472
USDJPY;D;20220617;000000;132.4050000;135.4250000;132.1500000;134.9600000;3872141
USDJPY;D;20220619;000000;134.8800000;135.3830000;134.8120000;135.2980000;228395
USDJPY;D;20220620;000000;135.2950000;135.4440000;134.5000000;135.0960000;2497097
USDJPY;D;20220621;000000;135.0930000;136.7130000;134.8900000;136.3170000;2550603
USDJPY;D;20220622;000000;136.3150000;136.6270000;135.6500000;135.9890000;3060731
USDJPY;D;20220623;000000;135.9800000;136.2000000;134.2400000;134.8180000;3463760
USDJPY;D;20220624;000000;134.8170000;135.4000000;134.3300000;135.1700000;2666991
USDJPY;D;20220626;000000;135.2700000;135.2700000;134.9800000;135.0520000;148726
USDJPY;D;20220627;000000;135.0540000;135.5530000;134.4900000;135.4340000;2790008
USDJPY;D;20220628;000000;135.4340000;136.3860000;135.0800000;136.0420000;2344259
USDJPY;D;20220629;000000;136.0480000;137.0040000;135.7560000;136.6250000;3366140
USDJPY;D;20220630;000000;136.6240000;136.8110000;135.5200000;135.7950000;3125495
USDJPY;D;20220701;000000;135.7980000;135.9870000;134.7200000;135.1750000;3185330
USDJPY;D;20220703;000000;135.1900000;135.3540000;134.9600000;135.0030000;190467
USDJPY;D;20220704;000000;135.0010000;135.9750000;134.7600000;135.8600000;2217866
USDJPY;D;20220705;000000;135.8600000;136.3640000;135.3900000;135.5410000;3185304
USDJPY;D;20220706;000000;135.5370000;136.1310000;134.9300000;135.9500000;3641421
USDJPY;D;20220707;000000;135.9500000;136.2220000;135.5200000;135.9180000;2637532
USDJPY;D;20220708;000000;135.9110000;136.5670000;135.3100000;136.0800000;3056371
USDJPY;D;20220710;000000;136.0300000;136.3570000;135.9000000;136.2940000;119835
USDJPY;D;20220711;000000;136.2940000;137.7540000;136.1800000;137.4030000;2675474
USDJPY;D;20220712;000000;137.4140000;137.5340000;136.4500000;136.7300000;2987509
USDJPY;D;20220713;000000;136.7320000;137.8670000;136.6600000;137.6320000;3262652
USDJPY;D;20220714;000000;137.6280000;139.3910000;137.5600000;138.9770000;3704419
USDJPY;D;20220715;000000;138.9690000;139.0880000;138.3600000;138.4420000;2571732
USDJPY;D;20220717;000000;138.5760000;138.5760000;138.2500000;138.2910000;111668
USDJPY;D;20220718;000000;138.2830000;138.4580000;137.8600000;138.2580000;2326201
USDJPY;D;20220719;000000;138.2540000;138.3940000;137.3500000;138.1880000;2517158
USDJPY;D;20220720;000000;138.1880000;138.4730000;137.8700000;138.4150000;2185689
USDJPY;D;20220721;000000;138.4140000;138.8790000;137.0000000;137.0700000;3191049
USDJPY;D;20220722;000000;137.0800000;137.9560000;135.5400000;136.0500000;2667528
USDJPY;D;20220724;000000;136.0410000;136.4180000;135.9970000;136.3310000;132576
USDJPY;D;20220725;000000;136.3420000;136.7890000;135.8600000;136.4000000;2271266
USDJPY;D;20220726;000000;136.3770000;136.9890000;136.2500000;136.9610000;2142682
USDJPY;D;20220727;000000;136.9520000;137.4630000;136.0600000;136.1160000;2550870
USDJPY;D;20220728;000000;136.1120000;136.4210000;134.1700000;134.4000000;3173602
USDJPY;D;20220729;000000;134.3910000;134.6770000;132.4800000;133.1900000;3379851
USDJPY;D;20220731;000000;133.2200000;133.5620000;133.1550000;133.3680000;115218
USDJPY;D;20220801;000000;133.3710000;133.4140000;131.3600000;131.3940000;3095423
USDJPY;D;20220802;000000;131.4040000;133.6030000;130.3820000;133.3400000;3558462
USDJPY;D;20220803;000000;133.3310000;134.5510000;132.2600000;133.9260000;3504523
USDJPY;D;20220804;000000;133.9250000;134.4250000;132.5000000;132.6170000;3026524
USDJPY;D;20220805;000000;132.6120000;135.5060000;132.5400000;134.9700000;2814456
USDJPY;D;20220807;000000;134.9100000;135.3120000;134.8910000;135.0610000;183706
USDJPY;D;20220808;000000;135.0600000;135.5830000;134.3300000;134.8330000;2695714
USDJPY;D;20220809;000000;134.8300000;135.2020000;134.6300000;135.1900000;2280099
USDJPY;D;20220810;000000;135.1940000;135.3050000;132.0000000;132.8130000;2916077
USDJPY;D;20220811;000000;132.8100000;133.3130000;131.7100000;133.0050000;2950242
USDJPY;D;20220812;000000;133.0090000;133.8940000;132.8700000;133.4800000;2518357
USDJPY;D;20220814;000000;133.4400000;133.5950000;133.1800000;133.3130000;115150
USDJPY;D;20220815;000000;133.3160000;133.5420000;132.5200000;133.1250000;2423859
USDJPY;D;20220816;000000;133.1310000;134.6850000;132.9200000;134.2780000;2414901
USDJPY;D;20220817;000000;134.2780000;135.5010000;133.8800000;134.9530000;2745605
USDJPY;D;20220818;000000;134.9520000;135.9020000;134.6200000;135.8060000;2584055
USDJPY;D;20220819;000000;135.7930000;137.2310000;135.7900000;136.9300000;2355687
USDJPY;D;20220821;000000;136.8300000;137.0780000;136.7820000;137.0210000;133759
USDJPY;D;20220822;000000;137.0190000;137.6510000;136.6700000;137.5770000;2476407
USDJPY;D;20220823;000000;137.5740000;137.7100000;135.7800000;136.7400000;2822671
USDJPY;D;20220824;000000;136.7430000;137.2460000;136.1500000;137.0870000;2540601
USDJPY;D;20220825;000000;137.0970000;137.2010000;136.2900000;136.5540000;2455670
USDJPY;D;20220826;000000;136.5640000;137.7550000;136.1800000;137.7520000;2601083
USDJPY;D;20220828;000000;137.6700000;138.2150000;137.5220000;138.1590000;166020
USDJPY;D;20220829;000000;138.1600000;139.0020000;138.0500000;138.6410000;2435635
USDJPY;D;20220830;000000;138.6440000;139.0810000;138.0200000;138.7620000;2637058
USDJPY;D;20220831;000000;138.7570000;139.4440000;138.2400000;139.3330000;2630349
USDJPY;D;20220901;000000;139.3230000;140.2760000;139.0300000;140.0830000;2614905
USDJPY;D;20220902;000000;140.0840000;140.8010000;139.8400000;140.1520000;2414615
USDJPY;D;20220904;000000;140.1500000;140.5500000;140.0100000;140.5390000;134863
USDJPY;D;20220905;000000;140.5340000;140.6640000;140.0900000;140.4320000;2039415
USDJPY;D;20220906;000000;140.4320000;143.6040000;140.2200000;143.1580000;2837276
USDJPY;D;20220907;000000;143.1580000;144.9920000;142.9000000;144.0890000;3412931
USDJPY;D;20220908;000000;144.0890000;144.5610000;143.2900000;143.8740000;3103341
USDJPY;D;20220909;000000;143.8720000;143.9610000;141.4800000;142.5640000;3309240
USDJPY;D;20220911;000000;142.5700000;142.7560000;142.0070000;142.5570000;113005
USDJPY;D;20220912;000000;142.5640000;143.4950000;142.1300000;142.5800000;2816150
USDJPY;D;20220913;000000;142.5770000;144.9650000;141.5950000;144.4460000;3697991
USDJPY;D;20220914;000000;144.4530000;144.8530000;142.5200000;142.9190000;3461768
USDJPY;D;20220915;000000;142.9170000;143.8020000;142.8800000;143.3330000;3037371
USDJPY;D;20220916;000000;143.3290000;143.6930000;142.8100000;142.9060000;2338103
USDJPY;D;20220918;000000;142.9170000;143.1250000;142.6100000;142.7590000;160991
USDJPY;D;20220919;000000;142.7550000;143.6450000;142.6600000;143.1820000;2662974
USDJPY;D;20220920;000000;143.1790000;143.9240000;142.9100000;143.5790000;2816645
USDJPY;D;20220921;000000;143.5820000;144.7040000;143.3200000;144.2380000;4214221
USDJPY;D;20220922;000000;144.2320000;145.9030000;140.3300000;142.2660000;5776918
USDJPY;D;20220923;000000;142.2710000;143.4620000;141.7400000;143.3200000;4170171
USDJPY;D;20220925;000000;143.2900000;143.7690000;143.1840000;143.5190000;195670
USDJPY;D;20220926;000000;143.5190000;144.7890000;143.3800000;144.4640000;4172821
USDJPY;D;20220927;000000;144.4710000;144.9040000;144.0300000;144.7040000;3552393
USDJPY;D;20220928;000000;144.7050000;144.8530000;143.8800000;144.4140000;3793092
USDJPY;D;20220929;000000;144.4130000;144.8120000;144.1800000;144.4190000;3559186
USDJPY;D;20220930;000000;144.4190000;144.8110000;144.1800000;144.7290000;3054404
USDJPY;D;20221002;000000;144.7100000;144.8880000;144.4900000;144.7990000;144208
USDJPY;D;20221003;000000;144.8040000;145.3250000;144.1300000;144.5270000;2905415
USDJPY;D;20221004;000000;144.5240000;144.9360000;143.7500000;143.8450000;2859593
USDJPY;D;20221005;000000;143.8530000;144.8470000;143.5000000;144.4400000;3042839
USDJPY;D;20221006;000000;144.4290000;145.1400000;144.3600000;145.0450000;2558769
USDJPY;D;20221007;000000;145.0420000;145.4440000;144.5480000;145.3300000;2382372
